1000
10.94474663643045 89.13706212567146
43.75466730517376 0.010879297485728134
27.680469681526937 7.495610933371946
32.26227497941912 14.420725537393718
3.179996017144704 2.3025457800309663
46.06177422304202 17.432252150863604
14.162158994877927 56.80105862094428
3.3917910742856363 33.93727333243542
0.9820902106979741 24.469793036723054
27.63990742039701 66.74584972563146
29.1564248822438 1.3086100715060665
50.25366756167498 27.263656269066466
49.377919962153484 8.772768945290867
9.790909013936812 60.009596772147475
53.96849269620276 17.16311233540188
62.53687193642091 12.746765817690788
1.9121932313617083 58.715726354201415
4.526107204572205 49.56828019316359
67.08500012836294 29.54756238718555
1.860225360108256 22.142850212406824
1.5744199936205312 24.790806037459962
18.807229816331002 83.52254729837246
47.45989930040148 28.776108800240387
22.613834060563995 31.947401485366388
57.34847009209557 42.72650710164455
9.819021436135642 21.610442783165386
26.539192889358237 43.521830095968156
20.790411512809722 34.287832563191465
55.34151732519883 64.41734407108426
76.25581538007586 55.73703221332927
68.22206108473691 13.183197836512381
13.25134442770856 39.21024075164391
14.028421227243768 10.261887955007966
37.6292045042551 4.638720472742479
23.365703780953393 49.017936839975924
7.075165810104833 0.0
7.267293942594401 5.719524481443172
20.175693997626055 10.28554943973818
9.52821477707967 61.62963354941046
5.364598218069371 0.9822578666570858
48.00864010677823 13.412454383347425
14.323850375971961 4.9625201312257134
0.0 28.454860614216628
12.87093368136727 14.538924762945618
22.651129529186715 83.05336961254403
23.522399054842868 0.8898180855116922
2.5537749611333997 70.27023247995095
31.513577624190642 0.0
86.6673833966826 41.60962751592186
20.881257852256315 6.760351869720892
33.377901059986286 0.792039944021502
6.5013111738344564 1.0718241957889814
23.657587815806306 18.763326712464107
16.998376218963912 58.871144947059044
0.0 36.3115937937463
42.98386803377809 28.678015902961953
4.100328217212521 35.255303165197915
58.32002667612264 13.486343904174042
0.3289646262509638 23.61277637951996
58.853015680009726 33.580918624877626
57.61324753361776 17.27997445800685
60.435729500097025 45.91053154790782
37.512158150532926 49.24599428355043
2.473922986519059 14.19034470454414
24.220781530948795 16.410473669488162
3.0282706601679372 0.9729583182523012
46.54906631127277 10.84297166407555
6.866039751263489 31.318159937036945
18.582430093570117 32.06871138147808
9.259445712439451 1.1187532663855349
62.40913904275191 24.543999551756304
16.377460265911907 25.685305601005105
26.13478755230179 2.0049318048687175
59.9297738011649 10.048134442146585
6.149865209740691 8.251597092345026
68.17732782994598 54.71692463419908
34.295015541725995 27.749438725685046
52.3325215600063 5.762425648855932
45.229750153660504 15.591789225387092
25.38024073248594 29.488310713544514
22.019869843335936 51.87311939695409
1.2630536441775475 12.260483673119499
32.5668853744723 0.1455192995689869
19.640308551442626 19.149668905789373
54.87330465677039 16.168890840917694
74.39674950491766 48.298610635592276
52.46401485567112 21.774490433280977
18.00651335269096 24.607488046684335
11.531498898239441 55.23390018038025
37.60818379718777 25.270123394323335
0.0 50.12568644667684
0.001823788883777433 31.96319085352438
18.62767538024946 41.711347960613004
58.81950876619662 12.933579087742414
53.268240340618426 10.227081637147059
0.3966832586908092 43.12431894799309
4.540067774641669 60.104398332560756
4.577066353580381 2.265066856860275
62.3390474702695 9.642166398162454
47.557414411479655 0.824476356280082
0.5387119632828119 21.49130582949959
27.950778129035047 24.513046052691518
1.3789604361539918 26.656716446413462
17.79788494670565 9.95898901502057
23.85269204229403 33.23538177086472
29.985813525484094 13.223817691274938
32.01310104855785 36.893432018425095
7.347340468602418 9.992147516335836
39.391637069745244 10.729008421511534
41.470428838250555 24.846205413590518
64.19480022706739 18.229668795623848
12.227315132614569 8.11980117717177
34.6644312596114 44.69998328176767
64.92235651422001 44.45111574536338
3.635415835143973 15.921093696969448
65.90815148230898 1.456315379497054
0.03978700507117183 1.1616605727619216
6.531486610982782 21.020998648212114
9.650523678925449 13.628576927723248
3.0215332903100505 0.007316065418928708
5.351949199723411 5.2217501762701986
13.159021349035246 80.67041027728949
32.6958400696169 68.51737103864839
29.5826733372481 15.7073942300603
25.81716406956515 90.51191881724618
61.86924456694242 44.96359852331176
29.734747165025137 62.56397931373247
58.29159271281178 1.2160709190465298
0.7544812186629256 2.0879860941255552
57.4130811518402 46.29863061452585
32.86107829631754 48.282979158481446
46.82423843996226 6.931939637350113
9.183124301043748 0.2147313505732772
1.0397904408468133 10.589128118277687
0.03309146033486132 7.500051564967909
30.18548160524565 11.384733944420294
34.805905052042455 34.46810276032457
19.09788379915026 25.07278388793852
13.354792524215593 74.68943402174101
20.84989001746214 64.19999106487826
55.43456955759693 2.7940982680433732
68.20080248391938 30.597539119868255
3.695922080038754 84.62330046522433
18.86580843772922 33.85186991919281
2.1865534391133394 39.127544110519565
5.453122724621846 8.824535174708018
36.14411075860125 50.370416980136575
6.4631277091453345 27.87303751887099
25.842015573743872 3.7488338148207587
8.728584601667032 11.69770233367636
45.776517514897144 6.444072586324313
22.166263984417327 16.754049676092777
40.370738102259466 36.34417706083612
9.490636723604375 24.308163290462165
47.195211862443145 52.14088963381984
0.714809570919843 27.96895799310068
23.23483887082302 3.958033583842615
10.440403896933956 2.13237638231622
38.608237224545775 3.2330696979877045
6.26061071710299 42.12653245192278
51.247358038356964 53.87658114611902
5.429204656800605 2.1111753915732567
3.7991018218468064 52.48944622672307
55.116663008438465 20.4234625526092
7.490936742212745 0.0
43.805496831337074 12.59257133782617
8.903420734710151 17.176049446726
68.2097460236526 39.78710960082604
8.437454134399893 40.96370584890625
46.48969281433397 37.36693649964449
23.5125846917008 10.647258559631794
13.843107299656264 5.399782978500161
12.235183262182906 7.232001577011749
71.51328104303543 57.21842623416273
20.558552453192885 22.848199625487666
15.837799383457485 4.944812034339838
56.57271575787591 53.261174075074734
52.95680743413224 31.33810867388137
5.4700365687303965 25.537733086395292
17.393546090834164 74.63340302524259
2.8836809701086654 3.47764472316231
39.26814837601434 31.80352766101852
5.364150910326934 1.1883454216477882
6.33089029914109 71.73136113197768
13.684137731750289 46.91690389935317
3.129197919748361 31.474894216226698
36.872974635615506 13.460411160820538
14.709883615707263 1.5056988605987938
24.900521604866487 73.82565457708988
1.8831502269488924 26.5787448112425
6.238089523850602 10.680255312244542
32.08324228126609 59.787906760987966
60.79929588591082 2.1907370416772127
15.620745023379481 12.21070610744603
10.30068279267889 50.422900102770136
28.39540308658764 9.710352100262888
30.145230860841096 6.115322988405777
45.01600097670537 41.425241874201795
13.628524833306304 2.809111215614499
30.94022131051214 34.94593327228077
1.8596839513365857 8.675787983527137
57.9790621467341 23.214190837535238
5.952025964208192 20.057932271332458
54.964081845082006 31.78804040376049
24.95387401774733 33.79594014550072
51.68375096107961 0.06323456075165157
9.085667150298828 3.843423052296223
0.9733484989001082 74.61455838734645
10.50050451830347 4.70841994473422
46.62201633032158 3.6776525638453004
5.349753267938086 85.84883749572656
14.17649487285316 8.203165336011566
19.477344431840184 3.0774159485878982
15.439954209348553 5.238331108666253
41.723400049494465 7.588858579679798
38.9107346969843 16.597335360770973
6.132397016763024 74.90654230456855
14.335691764657879 1.4926854936353973
83.57765680262429 25.495896644106224
9.7955278547478 3.718501405336781
78.51381628804923 42.67369650890423
15.545770734728745 22.909760777630414
13.801208723429996 19.622011303175842
56.8221089270791 5.329166832323844
12.364320686686655 22.142972173362928
2.826744660026313 42.9880585424123
2.2105263385256184 1.2977080013082158
5.336685869220174 53.1098757242832
19.60221125315361 2.9452297285895517
25.307683768857082 7.458455596502346
33.22195247003121 38.80579880580966
10.314454016787856 63.71542094240473
22.08192645582201 18.914535873476616
22.189319384901058 40.55230608250707
16.599483954566843 2.8564912554841726
19.884501169588 3.9207993693889507
3.5217977772261837 34.29805070896472
16.13694932202663 21.858192134186826
41.76087997044779 69.11416703697616
0.9184615272350656 2.322497794896286
19.439070392536873 0.9087187125241868
53.938068524009694 30.70396653932861
42.374249528038234 74.45805668471662
31.224410601489296 50.23502184528525
5.520172667006416 9.881376327478753
2.913656714851025 9.310439840811705
5.723933012334118 7.788837128599057
2.7869985179601082 0.729481515146756
6.443006783874779 0.1597714004647327
1.3030879862419489 1.786244392920038
4.940903885347749 86.46041872009751
55.62322058562482 4.993943700721525
17.032647695577303 10.020777514957148
71.78181257248158 0.0
4.581174565388409 12.145366259469073
9.005395154438567 23.3595730785515
14.611959123953582 2.145561354496357
4.553505696223855 13.305952616264273
21.84502691014953 68.85839367085865
52.79901309753668 94.81149413254727
13.693324458290647 4.115733048771309
28.92448428527884 32.35810501926303
40.69131998355438 1.500572908831984
54.446682227664695 33.480611839976476
1.8199162745582527 59.03822141362835
0.08230355664806499 26.12425306612275
39.28460950298365 39.95258638156736
21.33286848715689 30.790846403722245
54.37175275563782 0.6937665700745084
17.959694017352906 74.39168936194972
6.556162472031141 3.9841551722901762
6.868828466357259 9.558712964502313
10.203567721501377 53.9846332697003
51.55830094949673 2.708052829964193
2.5558500022464936 79.80723988231821
30.70778700351138 1.5219352442781835
0.9678325532524414 62.67245860148707
17.289936428730392 6.2584002620249946
24.731322991861546 54.621393956269756
14.619761917203212 2.2089227014567427
10.183230891711728 7.634039566906692
67.51739765069847 3.417604251157793
0.44782316632244734 46.6929439432496
74.76083490757632 15.690244464762356
59.254071220843514 5.344945912672261
13.703067359469998 47.61119220324001
10.374639663758018 3.7742550456084167
10.03958195729747 12.837481601315226
10.760861571091741 10.681954997904999
29.55390811548933 0.2600855923518127
22.717576525759956 14.506195862900132
32.02956378039703 89.24076105746092
58.57505019597515 51.547994180657156
33.503438210010664 39.24526692478455
2.4274662180412383 17.422477692801223
32.66952168828101 16.765721203158538
62.93543779049133 34.4991583902443
1.7134689576827142 36.493183432719455
2.513491709311765 54.60312708813238
46.06350690606852 5.589531211429763
27.090739296036446 57.74436561514388
0.4404522800998789 12.195181267170835
15.066260392511825 42.029606186556286
89.76519612250665 19.588930457333223
0.0 68.81424154411073
52.78619556715465 55.153413083845415
6.230393885213501 11.723535950982198
2.416471964685152 2.1314575444692525
20.525987799294963 80.09032324492902
2.8582133297643244 8.219748462108805
28.880372860878964 61.70494275721977
18.685866899842097 45.80845984874787
5.547947057486508 43.80953671090312
9.123150734992583 6.5285232189389335
2.993076629632562 79.60399747474688
48.748726434298 5.175835819775113
63.85543853677261 5.9329124468040195
16.588052383465094 0.39853269023612414
21.58089741444839 41.48086028408795
6.889895246859378 67.22309177703711
23.88586768459097 10.341519087993698
27.416859902563452 1.5165061219183218
32.426145551842716 26.054436547934124
50.10751178294139 50.09009036090276
3.181554601509272 15.201479575746056
33.51967405299723 61.87579317485387
41.01114731944222 17.721110208044703
23.182950239616012 50.89299386536821
3.5355961134841545 1.6508999971465457
0.5561387271020202 48.20403012593681
8.994556245235476 5.54152654063429
14.599477532548947 52.00080017554935
40.31161676272537 0.014950705175932999
5.1684864556776695 20.930615645355175
3.5958809087119663 36.202250491608794
20.64127656755049 54.39681371669611
71.35880779274612 48.74232630274468
44.09967922105984 49.442614316557325
28.51106299381354 3.738289805911703
38.45607078093187 38.45199678582242
9.506917601969372 1.7611178709206894
42.947331696127705 19.7352203345387
20.66876550735596 1.037922513399696
74.46588610975952 65.96129377075934
16.399075548535073 4.066158243121273
15.369372125041345 22.416036017130146
30.391639711021316 0.0805925619300224
11.423415881161903 16.513419274378638
58.3392557411479 10.256020145903046
39.26797597092909 5.336037673557261
29.23543660053086 12.61311092161717
1.038796322458364 33.427204047514735
32.678208724122584 49.42127398710308
4.234009910449699 46.438598674568055
74.98506575041546 19.226806539006425
38.95723554562381 47.51269837450559
5.86305689111748 65.80186406878562
23.025559532447154 11.304002746835673
13.361761196257238 9.779431627477088
26.837185288150312 32.63183427833432
18.90509457048527 0.9593925887933512
0.8032588623062744 13.420704088782578
24.599711523647372 15.370849789564017
21.02467478519595 11.63274304991682
13.95930068719096 55.69911581943042
0.8507478057881839 5.389721656713196
28.921310937821318 4.69743273323949
1.2693573485935201 7.586368569082595
19.834508035561868 6.712028126732846
64.472660235379 50.81038711017919
4.073542640451078 1.8605137934065803
44.05596127934868 48.064414131824414
3.203725035327374 2.951281488151003
11.318985003780474 3.0260284708862795
3.8064538683593176 28.145096711153865
38.02542020801834 5.303778306473507
20.979499175657658 51.2704997791127
18.919146347932497 32.5812022544259
51.77204925120989 70.75733725443172
40.83587854197654 22.27230100269179
12.099276939991288 8.980783139403144
6.976802374244406 30.084484297008736
31.18030358537194 38.42197603477961
46.86743192557358 13.185498920160942
4.583458716342312 24.77473755463877
46.7123219814893 55.43720764199302
76.07067447391923 0.8938938009246173
3.3967551459024667 25.74625355550667
0.0 2.4621177145940485
5.624014141983085 38.99861334556939
19.545313784957653 68.5265711394797
39.21549359583352 24.31153999054261
0.0 44.99333043704671
28.05283574172043 58.25373991633818
9.107899587954611 13.312324950255038
52.3403271450101 19.99116815057328
44.57105755819863 48.375727885984254
31.607116112163453 14.855337589740918
15.349698697380347 27.318000431647015
1.8316808290192197 69.54938977010589
64.44203381692417 25.946463125196033
1.761623576301531 67.49589423573761
11.049049821814453 50.22845731725745
30.81700387979165 25.99652702001589
10.043047019016566 33.928308806004054
3.6509433609860364 14.560475184167016
12.65091212091894 3.5982580084224
2.9004077778675703 2.01094749729673
42.449891104096004 31.137373504255947
0.8855811612456106 0.0
9.574168514312511 80.58848605590343
0.2624697507559698 46.32151797233531
32.31403856250273 0.36115426556981634
72.95168857018133 0.008496444577772433
31.81811938914272 46.00891849024679
37.77346768279345 41.890320779723645
19.968356080903163 41.16342448617549
5.270479678628196 10.53678454682296
35.05392726933489 49.83189786826857
10.760942292751189 33.900718395136174
17.354589930533457 65.50458367348665
13.051522317688374 93.60111317671164
0.0 20.298111258941123
34.24797815798874 1.231269998624156
41.489589500591975 95.73360667649617
1.5302409025947394 8.546207000741738
9.086726100571475 61.29091712547374
10.11757361276801 2.286896841674268
76.49174768112157 20.428734174457503
51.16851394088256 34.40177964262693
27.202016085209998 65.82254474192794
52.357696602034444 43.29380647217572
30.21737701971478 10.089239838830668
48.37176537541423 32.66287258719423
6.908115780412284 13.858715367486692
0.9710120939134438 15.474980399942824
0.6634021651189255 32.13923654904978
24.21446622049061 15.282053555230501
60.37394050627053 25.955208943782345
23.71703607868444 12.475681304296454
68.22197951636569 2.141069264161573
4.177255342560325 51.20120219440378
49.85984338764027 20.625371186388314
15.0688699770983 26.37295470401946
37.62561218879335 0.9901001390207376
0.532865370544858 6.729079147242414
72.38661606255718 37.07759510532614
22.538640620150613 7.093810091542813
17.122927256938972 0.2577984155995924
0.15609962524247256 5.990744465691575
16.54276163116082 15.794133566828652
7.301181687744563 16.77427328975585
40.40780308183167 19.90997841509535
25.481550525841048 53.10924310784632
7.307986032468996 22.729545903778135
26.48348182877125 4.71577572504532
20.632665618764246 3.3180728391056054
22.788367469567625 72.23367346083141
2.888073590113202 36.727905574975715
34.239490212949235 7.085504535718875
0.0 4.500416234875406
45.05143978375132 54.00089736696702
90.2838151298797 7.7383489891156465
1.7052826605571447 58.811547975981746
51.80475862516319 0.27795732968850906
59.1633639441553 41.18724194128687
19.474413148845365 64.38676329789604
17.220619496232512 50.654734918596475
31.13596569839336 55.356473952334014
63.340229864300454 4.950736817855472
33.406948388980055 1.481740785366107
16.38833746191572 9.819036987456213
4.76384364512204 28.966471239950756
54.70573425063391 8.577474030728379
66.74372452395623 61.144961005830524
7.2127048374136695 46.96857403148456
10.086631443174197 15.317424095763322
1.1758442395378241 14.272082108003293
75.45051597759553 63.040089161551215
2.367837674384747 53.71489371586832
0.05228482184026584 13.355583392401353
33.72627861367582 13.585545401513887
14.473374793639152 6.722888117793943
54.78010562325261 77.09113794261047
40.202508219921704 60.67756764561453
53.36858326385035 7.448954051975786
41.64323153739353 37.55232161432045
50.36246454261363 59.658633916214974
56.01686517185849 50.83181225933055
12.50566668813171 60.70225449562933
2.7961233662764413 22.996703413816608
14.362245110734705 35.585425283439214
0.6197766537417528 11.307625301013378
2.5185944671853044 4.022870343407834
32.171409475966925 4.494116726083845
19.53942520410597 17.52071648350167
52.20496537750322 27.41159530170674
23.337404646730352 6.66345340469015
7.750583277384996 51.92844496934714
8.730370202686167 6.299703295490741
7.04239144533354 46.862633073931526
11.126048616732254 6.085813992261597
13.895988013124015 48.525082466636015
25.046107549662477 2.555105353981955
37.3311138633608 7.3680956145660055
25.309490840395114 3.6494514821566
5.416639034729276 7.860047996948714
11.354083390910338 0.490984772128801
43.90671998281408 1.0485602284871876
25.12853435208091 16.83314132650529
5.710530878063247 1.5368394256034215
3.5247435246865795 18.822472267677096
48.02218237392251 36.60761625032557
36.13882678692661 11.897207461701976
5.063801436609978 11.075303184111688
59.08891522985381 14.342931924545022
48.832624667583595 16.19099079003781
2.7330361767263556 20.489514744106096
16.436038300850626 83.55368871153145
0.0 1.675274133333943
50.421114432556735 69.78161618056966
0.09909113128398483 28.37717570837589
24.24419489110226 33.79708498227534
10.395226696675751 14.047690452837958
0.3976650450242557 15.131885472497554
21.044651965607024 63.67625734310236
0.0 38.37754991053925
67.15627839322848 27.3608171551979
32.43540862937369 7.501785506628717
6.045242760086575 38.161880343520934
70.41904918392626 27.135907453558215
29.88242103661494 4.119916998885063
0.8628181546901947 5.30530522882947
20.033601501169805 48.388960341547296
36.13007043287746 40.26975339868344
26.346389321691248 27.925570535046923
48.37403690615201 52.994105091274825
8.428689370246486 1.1314967336834507
48.88713709644855 12.192193957555894
33.397664866993885 25.251743398396474
19.565852826906333 10.081393839012764
17.003525717422946 9.10081864103225
47.52998066895322 20.677537246491312
71.9378901571183 46.00162017602902
10.649250154314378 2.30856530832737
12.646827435777903 65.64505463949973
40.01580271627001 51.70894077854002
0.24813369991684286 34.62183114344859
7.153637327860697 3.586901507929752
16.73838699470817 21.93877535706086
2.5454159892551926 28.8341738166138
29.59177379583837 0.0
15.329270634891254 28.593957173280163
40.72081868477577 10.561214138819889
40.88510744930917 8.422999650033216
33.378062186059985 2.713438665866893
4.046976178572863 42.58816824863159
4.237036861017928 2.320117923765936
15.578897311587054 14.99483980227512
21.67034742641848 29.363177689088396
48.93775478646697 76.72138397780712
2.604996384500602 4.39842078914261
17.559705239188272 59.56877781794006
0.0 19.178749083795985
1.6865552971036735 12.46391519711162
25.578023340951294 77.82075159547324
20.258627682776158 8.24863689108323
30.843361583219245 2.1928084486604615
9.769395116642663 25.703208306495075
10.598928672294443 12.853334921094637
35.50502245911085 67.988047785437
2.697514722019094 52.77640948351214
0.7654477608733704 0.43015777684876644
5.676504034236192 4.568794558374514
7.3302164989889835 14.216140147489373
57.15824161064103 47.188382040762214
9.655596984453958 3.0702051358586164
17.740137766055064 81.15824632782488
35.99523508740711 37.28103672570477
74.94301635829193 1.3414725009488904
28.599141814757218 26.783962231145214
9.825582438721037 47.818827135735795
9.302743637104191 14.998828897425813
63.66589809786981 27.54275580182015
46.49868627425742 20.02324459802481
11.366893298964905 1.6106874519939167
29.997259332391895 36.90856135821132
46.89222816101378 9.767124211553487
51.86799260473654 1.9664925564122462
53.02916117732338 27.371413895358863
1.0172810894432094 51.54574557124772
29.888575708805618 64.33007972587441
30.555467057041223 9.936082353167688
48.939816604270376 26.272213944477507
48.90515104019474 27.95432983490525
1.9218037483225832 38.22521561700534
0.6033824673599619 50.22920212213066
38.992558779867196 8.35150536962161
9.643595551413203 51.07858932892273
0.7138703866275576 37.31827571975201
2.9853880038225222 19.150758152520563
13.488429417115858 0.4758034291408775
36.046941869642524 23.7655344754337
4.593813218228963 1.5628161815351682
4.458426591472891 68.71858189334903
39.078406647388995 13.270833369346647
0.22209308035660735 18.103016440123508
6.875538546744549 19.591841018751225
48.140964754377286 31.858878802483723
6.367879052685362 45.91569978357392
41.96482256632696 16.878825851249406
70.03448909227251 39.02023980121813
5.803192684627942 57.45203226972959
39.326475152182226 18.236480867193684
20.607578665862867 14.474328265887788
3.84285167413021 49.430644733710686
30.464216387660695 19.928077000756048
54.536867409779646 7.477917176780938
8.960840595052824 40.24266659261244
1.8505846465580844 8.961752184578987
19.42629982917352 56.53247488761552
86.65776557056873 23.67692101851918
0.6804530124686132 10.073445827901446
64.24032046551253 1.8734300486954716
12.200381166745991 7.603502321734303
22.17639682590813 7.714783030878078
62.620551814541585 36.99219458017093
19.425391192600934 11.049138334044343
5.767258324424622 72.45116401165346
55.27389413125319 33.95643328672473
4.766680957207015 39.51237325434129
52.07917471156266 3.9914838189229505
5.3346011916847225 52.180933431708795
12.989619948633655 1.819206892089111
20.269664877257167 55.282668548794106
53.53284192598116 0.35001801500516727
13.255910892403065 1.9818049361822254
45.89267960701251 0.1582966925674576
0.4594026033140477 4.882172138583815
3.512459670144512 1.6587604946811796
3.3053674515387446 6.593318918739062
7.4745426879663786 12.384253107922476
59.94492903052905 23.592469115713985
66.82982042335678 23.679183659285002
22.35869737951545 19.15093181309632
3.576930820139655 24.729140507975256
11.053657506819498 51.582964825343815
27.787846440433718 3.752856275537182
59.779326405313896 4.367308939312663
0.14053805333466984 24.57262043397955
10.186688300000142 68.7816012633592
55.168570534251565 2.106773611078272
5.522761238769549 27.884667636107693
4.666473188309338 22.634466443859637
12.559305022962535 46.414940208074995
4.685295079913588 24.782059533226192
16.611154765258316 70.67136873886244
45.61872153681037 19.15462057567871
14.53533998562545 20.161146341508235
51.64390455573345 0.0
63.0355096864173 12.585071605450805
5.387972862810845 16.61174423313119
4.976482343225886 17.60546848163015
42.61618185375958 4.1808675606225325
56.249656686897964 2.0858887613309403
48.08785832383484 6.019824558648437
30.418618251520112 32.50984145287511
9.706259321888874 5.175388216490262
8.787677934553855 0.987643748871283
10.06069289535603 11.046586353762702
15.72528696036715 0.5557519079317186
50.52300586968557 38.03676648917609
19.859231166391453 20.429338248782848
59.291798430243865 15.422717599982363
35.54392520395335 15.714952181959632
8.566588589607544 53.62125149098845
22.33689452793584 44.27013910698083
52.0463283732768 3.1547995895498646
23.43070487798297 23.913713555288343
2.9973644065440808 6.609487456969302
10.471261323029118 6.226365766356762
71.62706875811516 0.4669825509672709
1.696389904364509 16.301506429316724
4.004595286265195 70.26992297758254
11.830558095945607 38.95604724161359
5.769881333846574 13.652029915522434
19.595934038440824 13.305957334983614
21.012665739411485 21.484394706338854
6.050953897222689 52.71654922422779
12.374409587810284 8.914974015525
1.193547587173808 55.83174094401568
28.57362686213596 0.7177858554618555
65.22217767406579 4.654974769590936
21.88171692169386 30.744308680599662
36.88238774910977 21.99821384759023
0.6638481258120708 11.049795915244342
28.048737677950626 41.18519456650516
30.98701942051168 15.363567644434976
16.064590728571535 53.524255507271064
19.116392450123666 0.8657498039093645
0.5233091673394932 73.03187367556158
27.72326653805251 62.27804499657222
45.05539456694283 8.261651328634482
6.026527839446361 23.004687117776367
6.585444190994668 4.4918475550979835
19.47232545977664 0.0
9.662174826894379 5.857479495296312
22.705262014393004 10.553168274430421
31.970569572293414 76.51435835535484
1.47457989807197 24.127319408104235
30.682497794644085 5.652099990575163
1.8603100343577537 0.23452726248893496
58.95421381088533 1.3998971580488067
27.928859590210504 55.46519269596165
39.91146160157862 3.211021988066487
0.0 10.562395545488904
41.10522234823828 60.951691578339975
0.32319177384414755 33.341248694175746
88.91644405736886 24.500669574562504
61.678653998298884 5.43569031334872
23.30232684151219 32.5921274629816
0.2508986208602926 48.78897992889859
2.5756813107148657 34.57006357550067
11.528295085908724 6.7533988764672115
0.20185154679501327 4.890667005740379
20.939619764085712 3.5028706049347367
32.459454806810015 16.370336021097714
76.85634289522618 11.524253936101768
27.86784187266944 49.299282986983606
16.031119537801374 50.34454382935266
48.64177724290882 0.22250391785568757
59.3363857584566 5.126169139041253
67.77010847961277 21.462283860199996
2.219121016011343 25.611937347552903
54.30621129495651 12.276959948486482
25.32914144821659 8.750175044351831
7.948228356428804 22.855983883058858
0.3378130221326483 18.818613794635745
12.959742660650427 28.44281593906953
2.534256839721005 52.48767988583179
24.529283723902477 7.807215417691406
25.045505629929647 20.067644155186287
20.526784316218883 36.04600817360647
25.303433545036043 2.052441466431505
0.1617379052228337 15.299533368638407
46.509613321583295 47.98424567540152
38.41526745274207 8.713869463898002
21.159432506067237 0.966667068671339
16.308241131723854 9.449890290795452
71.04884301133114 43.36832115237782
2.8610987476162073 12.366936911343888
30.62696900068475 4.349865719553984
17.442817202566367 64.1854052793328
13.485149738593556 72.04601468242264
66.68427089282955 21.719886824949054
0.0 32.65999761220384
1.6897805340889884 66.21849067020314
54.79585244824513 16.04142686698602
47.368464630547344 31.12153553401312
2.3099275639990093 14.474784995037412
24.39753458299024 32.37985070313883
55.31901717275775 26.88148040651955
1.4670786666832198 16.792205962314167
40.077939327097 54.99572058419433
56.39358978192783 19.93667102303163
10.00861484686468 0.3363376217734668
4.613144753431309 20.60292522202014
21.572711252337477 0.6578895953933308
21.007216719992492 49.0031609880402
21.172395712475655 23.68302358050244
55.74073886825348 52.02570193762626
29.529017475728292 18.628663090362238
78.3421538743089 43.815789243085995
4.853205574862291 3.4151923787229563
4.495791199860301 5.684246234413798
5.058101340568579 2.296408151407597
69.10307339859897 0.5372378046697213
4.2753789120225205 59.78938694799906
13.335347988319398 45.49935557565476
31.940298026507598 24.191697291238047
68.17826820454505 30.487504447488263
58.98297208881364 17.708429053829644
2.7371666802057595 6.605483405090988
7.719975993466548 47.06198075898279
14.305079789675277 6.765212421317802
14.410916670049561 54.01303539919827
51.731374875315446 23.67980998952704
0.0023981345399791687 9.25771139663875
40.44012929923655 60.3200172369801
0.49751238095520167 48.01152230836488
11.966595542116451 2.191582425420692
13.960715701141726 13.061614469410294
4.458651344454876 46.12623167109627
24.33865711562517 10.129892358574633
3.1713032107886017 72.74514809477644
36.85915563242848 6.380204111473691
33.403581755509315 20.20376076222309
49.64512370258465 24.223156667956296
85.68145956324143 78.65090197427197
30.609518123245415 16.894852132373206
4.824434830704212 48.09671413618818
31.282106565767638 31.05990072501649
82.60873130807359 0.1405781487964164
4.665268027736019 41.760634095792625
7.901219531747483 79.76107035506693
49.1470369387601 35.58146050194737
6.420624465437711 38.05441309004242
19.15300286524216 52.19502735445735
17.75013165613612 0.9661588120027986
57.651210976283615 25.62675012918378
10.32517930432836 2.5234764696872087
4.752334607497637 14.108306709117127
40.82110286354204 7.7394874635916295
31.410772458479883 56.42494504400398
16.30727585087539 1.1369717286285566
5.432910999698738 57.06367184568767
12.31940450268019 35.94464525628182
20.716826734412308 23.328122001453597
11.488193501201795 18.659684051974867
5.545599173761646 63.7072194465903
69.69297099684118 2.661060144136354
43.0714129132682 28.865173016588415
64.55716967878355 14.290891951959276
6.382092041024336 11.243636287671535
37.27442890668326 19.0527995231889
1.7809702863158523 10.134631641703482
18.489329598281692 28.686742485068752
54.35513042169273 1.6968105862353067
1.0827137167652583 0.4113649927215266
22.98600904398927 47.34805118308442
1.9208445875526305 10.817901228400414
5.0904265277182 22.31620136706079
0.0 34.15652203423739
3.237156002134167 11.821032082404825
1.6433847657708691 39.876386526972446
11.527308082385744 43.671739595925715
9.334331435786558 51.20431553287903
41.68298618864948 24.33621915965883
2.0916737507454988 35.58013631450591
28.93785322871667 5.673871068205443
21.421869483918943 62.40689710077942
17.7898249365273 0.5602385319866983
5.946694583845568 16.20458152595697
27.367107270153703 0.5866616397574334
6.154030854294572 3.462556714827094
13.915931312070033 37.80278035446902
73.91272729851028 4.668985208226728
18.575778234251082 4.1228731507223735
27.500660590013815 4.947253496921169
10.709931326577228 0.084333987792658
3.6669830675454334 67.21895067699886
0.12426820016628648 46.519924502272
57.50033245205429 0.8875689377825435
3.5745022103278465 4.701924600125933
38.00184619948158 37.38320080896793
13.616295948674374 24.098245223134978
16.251856233598218 5.900294914080389
14.760843169311654 36.87574852041866
31.87403220672098 37.365753619736644
6.858134918434911 12.673936604761456
6.018221309038232 25.829771787322727
35.42729388484229 58.42387841746754
4.265266658424117 61.04109317745233
2.6349698574958667 49.25003004027938
17.042070648501785 4.902064045025247
16.069188772831122 27.899944601799838
29.933149549549356 40.317218056376944
11.543594688314606 0.0
35.1445421136012 13.961586382120526
44.265537408251646 71.79800767180211
0.15521614444085785 1.0969721205840481
6.9425475837107875 4.957013762790762
20.55516961061402 37.788557608089256
51.320481998593834 5.681829377899284
68.17916640752253 56.01681438256768
17.475629259165586 25.532721347317434
5.519840797148871 7.838709930833076
3.165367925014632 6.53676690831737
12.449660083824808 0.4937261942099467
42.05662944863942 29.43289649919779
42.48190383268927 1.412651942169672
11.531084549671066 8.821283272809751
53.984207170629496 70.66143930539468
24.487243282940604 7.998835983087797
8.330596466858111 4.41360830328883
4.617075778598873 27.62443770951181
48.577521318393714 11.699238483386939
17.335615163230397 51.315530244088265
8.19198577875988 20.312553945366354
11.63230378198295 31.546649265060484
61.59499940204259 36.8744886736235
14.120109776602769 26.021097273495528
20.45461295113706 28.55373720095171
8.607762909522396 9.301931897293994
0.09232080031119627 55.75795390664736
1.7896340190542315 3.6280950190909476
23.909476940466334 45.2681854141345
11.101639719579824 3.015419052398734
22.919168971008542 12.231456806517985
60.306032304629646 0.7511832623652015
29.737739931714614 19.042105013651916
0.42964480353222445 3.084743616220295
6.260176820407429 9.402933824799344
41.616890176793106 3.464442457505508
2.0595094120675905 25.815439948385315
44.5838148122798 29.905804397879415
69.58304765385833 17.783062790568025
55.27604241661661 29.73979755381301
31.393049323872347 85.4486800659922
4.193723062509818 5.428361302503755
36.34306107156425 41.41180468093076
20.790949458681844 9.06371236544853
1.6120990986830925 44.37593913852312
0.4565821219221826 4.853808907599794
45.08610540066481 6.325643088799717
70.49329330620702 22.716851784315416
45.84464058802128 12.152584927514033
12.527495514733344 9.589992703418373
6.6321677803135834 41.64875249052397
72.63447333405773 36.83943972065654
36.96418436026216 8.897467714469332
19.315249770400154 14.463886872319936
50.9774336088095 0.4573702247565028
32.61562761702581 3.45087210733678
4.685456370155169 27.128110860321335
45.21921651990468 4.425680482379186
38.75406578880003 64.42130301651137
7.085281719674663 4.590526364760613
11.455953096781503 28.59143755797553
1.8346167349493068 34.84767083737473
38.17508555921386 3.323550519054231
17.051786790216006 71.76232109529046
0.19494160099435076 24.91014661577512
16.87097489265342 9.6814361567327
59.59501269587616 12.406875750466174
6.196320070630048 20.815950431724247
3.7063277000930572 19.731572022330177
72.70641610732105 6.417799215961027
14.955794050206462 27.3578010523789
0.7138463121083416 69.62001067449576
8.380232058552703 34.33055906373514
1.1429014216951074 23.714504592076846
21.191921073832994 4.741885146652488
72.65563339456449 55.370559935213535
78.808471320529 36.128419152860964
0.01798406905054417 0.6011357549126384
65.07384801543301 90.37204774230597
1.2583331847860482 32.77255779813907
0.4422239717460241 0.0
0.15417423861902824 11.661036711153097
20.378579703013838 4.601738940090074
26.663226716703612 25.01699732092609
27.997910405329726 14.397176578378504
0.4603247144221987 33.653819776388666
0.8280523827086572 34.100853736029
15.529911781716276 66.1319330678418
37.29378026491977 83.5229544309509
18.586249406667864 59.6652880731372
0.5221971091287294 77.52259776550409
1.8924133388921334 26.86896674841269
44.63063460373941 1.0747667804779812
12.482001903970193 29.35420088922082
7.050931315301876 2.8424441851785947
3.724640275244001 86.71917704698977
13.782709721113028 0.0
26.447590124006588 35.11405101366826
14.67840204023189 15.778015363552813
14.07405232277656 20.112418875135962
63.40768220836449 30.89151675966708
2.997660098225501 36.0492575606049
5.43872432355001 38.32512165773871
21.65121274574269 0.4119733787943227
1.1033704758126928 15.576994103818715
47.5638112966512 30.521537813228846
34.132202007400636 13.973507075513975
7.680508620102799 21.675057805319593
43.671227837206814 14.38655289132971
16.910178162558708 25.52917253873248
20.495286739705598 16.734014605196393
63.75263900238333 9.82811155436053
11.425945581771272 16.01362585221959
15.406146632055428 43.59635802536101
31.83184525619663 10.837826122877136
5.366942498432588 41.837070812049944
31.638636926617572 10.824699941877304
50.64851537915043 0.38839088111731046
0.7988899753388261 16.091379921765594
38.56200492954378 7.68219910344483
15.700241193941789 29.628542431892527
22.613241144093312 1.8853478444259388
7.079614327776127 20.169191752474227
3.159173829656077 40.457774057778266
32.506514447922996 11.465014154859352
34.31169820510749 24.469068386160846
1.3398239206299705 1.5867371231615792
13.872810305919776 4.800915748224717
9.373311485509864 31.973895376498152
7.875146461316755 6.331597231796844
10.691116965865934 3.1831821304666383
16.989105610539617 5.387501818309739
